#dimensional changes
#2015: none
#2016: MIA (-(17))
#2017: HOU (-(17,18))
#2018: LAA (-(17,18,19))
#2019: none
#2020: MIA (-(20,21)) & SF (-(20,21))
#2021: none
#2022: BAL (-(22,23))
#2023: DET (-(23,24)), NYM (-(23,24)), & TOR (-(23,24))
#2024: none
#2025: BAL
year <- c(2024:2020,2024:2022,2019:2017,2024:2017,2024:2017,2022:2017,2024:2019,2024:2022,2019:2018,2024:2017,2024:2017,2024,2021:2017,2024:2017,2024:2017,2024:2017,2024:2017,2022:2017,2024:2017,2024:2019,2024:2017,2024:2017,2024:2017,2024:2022,2019:2017,2024:2017,2024:2017,2024:2017,2024:2017,2024:2017,2024:2017,2024:2017,2024:2017)
team <- c("laa","laa","laa","laa","laa","sf","sf","sf","sf","sf","sf","pit","pit","pit","pit","pit","pit","pit","pit","min","min","min","min","min","min","min","min","det","det","det","det","det","det","hou","hou","hou","hou","hou","hou","mia","mia","mia","mia","mia","ath","ath","ath","ath","ath","ath","ath","ath","wsh","wsh","wsh","wsh","wsh","wsh","wsh","wsh","bal","bal","bal","bal","bal","bal","phi","phi","phi","phi","phi","phi","phi","phi","kc","kc","kc","kc","kc","kc","kc","kc","bos","bos","bos","bos","bos","bos","bos","bos","cle","cle","cle","cle","cle","cle","cle","cle","nym","nym","nym","nym","nym","nym","mil","mil","mil","mil","mil","mil","mil","mil","atl","atl","atl","atl","atl","atl","cin","cin","cin","cin","cin","cin","cin","cin","chc","chc","chc","chc","chc","chc","chc","chc","nyy","nyy","nyy","nyy","nyy","nyy","nyy","nyy","tex","tex","tex","tor","tor","tor","col","col","col","col","col","col","col","col","tb","tb","tb","tb","tb","tb","tb","tb","sd","sd","sd","sd","sd","sd","sd","sd","az","az","az","az","az","az","az","az","cws","cws","cws","cws","cws","cws","cws","cws","sea","sea","sea","sea","sea","sea","sea","sea","stl","stl","stl","stl","stl","stl","stl","stl","lad","lad","lad","lad","lad","lad","lad","lad")
three_year_bb_park_factor <- c(103,103,104,106,106,92,94,102,89,95,96,102,105,106,104,99,97,98,98,105,103,103,97,103,102,100,95,101,96,91,92,95,98,102,104,104,103,101,101,96,93,94,101,102,102,99,95,95,98,100,96,96,96,97,98,102,104,102,98,97,93,96,95,97,101,100,96,97,99,102,102,101,97,96,102,100,96,92,96,96,96,94,96,99,100,106,105,101,98,96,97,96,96,98,96,95,99,104,101,100,96,97,100,100,106,109,107,109,106,106,106,105,98,99,101,104,105,100,105,108,108,107,106,107,108,109,102,103,102,103,107,109,112,110,110,108,109,108,107,109,108,105,103,101,103,100,102,104,99,95,90,93,95,101,101,102,95,95,97,95,99,99,101,97,99,106,104,106,106,104,102,100,99,97,99,96,101,100,103,102,101,101,104,104,101,101,100,103,95,96,96,99,93,94,93,98,99,97,98,100,101,99,97,97,98,95,94,91,89,91,93,93)
three_year_so_park_factor <- c(106,106,103,99,99,99,101,103,97,92,93,95,92,92,91,93,89,90,92,105,104,99,98,99,97,95,93,94,97,95,92,91,92,101,100,102,100,105,105,100,102,102,95,95,98,99,97,97,96,98,98,95,89,89,93,95,96,99,100,103,96,93,90,91,93,96,102,104,101,100,104,106,110,105,87,87,88,88,87,87,90,90,97,95,97,98,100,101,98,95,98,98,101,105,104,106,103,104,105,106,108,105,106,105,112,110,110,110,112,110,109,106,109,108,107,101,97,95,102,103,106,107,108,106,101,100,103,102,104,103,100,100,102,106,103,107,107,107,104,107,107,106,100,97,100,101,101,98,89,85,83,84,90,91,91,88,108,111,110,112,108,109,111,114,102,103,106,106,103,104,103,107,94,95,93,96,99,101,102,101,100,102,100,104,105,106,104,103,115,110,107,106,104,105,105,106,90,90,89,92,92,95,95,96,101,105,106,103,104,107,109,109)
three_year_h_park_factor_rhb <- c(99,100,101,101,98,100,99,101,99,102,100,100,102,100,100,97,99,101,103,101,98,96,96,99,102,105,105,101,104,105,107,107,107,100,98,96,99,98,99,102,99,98,100,95,98,95,94,94,96,98,98,99,99,102,99,104,104,104,102,101,104,104,105,106,103,104,100,101,103,102,99,99,97,99,108,109,110,107,104,101,103,103,106,109,112,107,105,103,106,108,95,96,96,97,98,95,95,96,95,95,92,94,93,93,94,94,94,93,95,97,98,97,102,101,100,102,104,104,102,104,105,102,98,99,99,99,96,99,96,98,99,99,96,94,96,95,96,97,101,98,99,96,99,101,97,99,99,98,116,117,119,121,120,117,115,117,97,95,94,93,95,95,95,94,96,94,94,93,95,94,96,96,107,104,105,103,99,101,105,107,100,100,102,101,102,100,100,100,90,92,94,94,96,96,96,94,103,102,100,96,99,98,100,100,98,97,99,98,98,95,93,94)
three_year_h_park_factor_lhb <- c(97,98,103,101,99,100,100,100,97,101,100,104,103,103,104,106,107,106,99,100,101,104,106,104,105,105,105,95,97,98,102,98,100,99,101,100,100,95,94,107,103,101,93,96,95,96,100,99,94,94,96,98,108,108,106,106,106,107,103,100,103,103,101,102,101,102,101,99,101,103,103,100,98,99,104,103,107,109,110,108,106,103,113,116,113,110,106,105,108,110,102,100,103,100,102,103,109,109,98,98,97,96,93,93,93,92,94,94,95,96,96,101,101,102,100,102,99,101,101,102,103,100,101,100,102,100,101,104,104,99,97,99,95,91,92,88,85,90,99,97,96,96,102,103,102,98,98,96,115,113,114,116,118,117,118,120,94,93,92,94,94,93,92,94,94,94,92,94,97,97,98,97,101,104,103,107,101,100,103,107,99,97,94,90,93,94,94,91,91,90,87,93,98,98,99,99,100,100,95,95,94,97,98,101,95,95,96,95,97,96,96,94)
one_year_bb_park_factor <- c(106,103,98,106,105,89,83,104,87,96,85,102,101,103,112,100,100,97,92,100,101,110,97,98,97,110,104,99,104,97,88,91,97,101,103,103,106,95,103,103,90,94,102,94,105,108,97,91,96,100,98,106,96,92,99,98,97,104,104,94,90,99,97,92,97,100,97,97,94,99,106,103,99,100,98,105,105,92,94,95,99,94,94,99,97,101,99,112,99,92,101,96,93,97,98,100,93,96,102,102,99,95,91,100,102,109,107,112,100,110,105,101,100,97,100,100,105,106,103,105,108,109,103,102,109,110,100,101,104,101,97,105,112,110,118,102,108,115,98,102,111,112,98,104,107,103,99,100,103,99,96,92,80,100,99,104,98,93,93,99,102,92,104,99,87,110,99,108,105,104,107,104,98,98,103,92,106,92,105,101,105,98,100,106,108,101,98,106,97,95,92,99,97,101,82,99,97,100,99,92,108,100,96,102,101,97,96,96,93,87,90,97)
one_year_so_park_factor <- c(102,107,109,103,93,97,98,103,102,93,91,95,96,92,89,98,89,93,87,101,112,103,94,102,99,98,96,95,98,93,99,93,86,100,96,107,97,104,104,97,98,101,98,95,99,104,92,101,99,95,98,102,93,82,93,91,98,98,96,104,98,96,98,90,91,93,98,106,101,104,97,98,116,108,90,87,84,90,93,85,86,90,103,93,96,95,98,103,100,101,101,95,97,102,105,107,100,111,104,106,104,107,109,101,113,109,114,106,106,113,111,107,108,106,112,104,101,98,102,102,104,105,109,107,107,102,106,101,103,103,104,101,96,102,101,102,108,110,98,109,104,111,103,97,102,100,103,98,92,90,82,84,90,85,95,91,106,111,106,113,109,112,105,112,102,100,105,106,108,103,98,108,92,98,94,94,94,99,101,105,97,104,96,106,99,103,111,103,122,113,110,108,102,107,106,102,91,90,87,92,87,95,93,99,95,101,108,107,97,103,109,110)
one_year_h_park_factor_rhb <- c(98,100,99,100,106,101,98,101,97,101,103,101,101,99,104,96,100,97,101,106,100,98,96,90,98,104,103,99,100,106,107,103,111,103,101,95,97,94,102,103,103,100,102,98,100,95,97,93,92,98,96,101,96,107,93,105,99,104,104,105,107,106,95,105,104,104,99,94,106,102,98,101,95,100,105,112,110,109,109,103,102,100,101,103,110,109,112,98,104,106,96,97,93,99,96,96,99,90,93,95,95,94,89,95,92,98,93,91,101,94,96,102,103,102,101,98,104,104,103,98,107,108,93,101,99,97,90,101,95,100,93,99,101,98,98,94,96,95,100,96,103,95,93,106,96,96,100,100,115,116,119,116,116,126,116,110,97,96,97,92,94,93,96,96,99,96,92,94,97,93,97,91,111,102,103,108,101,100,98,104,99,100,102,98,108,100,100,98,85,88,97,91,91,95,98,96,104,105,101,97,103,96,103,98,98,98,97,98,106,96,97,91)
